[MAIN]
AccFrames=12
AccType=Line
Company=
Date=2023-10-25
Device=TESCAN AMBER X
DeviceModel=S8252X
FullUserName=Application developer
ImageStripSize=358
Magnification=20957.52866998
MagnificationReference=0.4188
OrigFileName=02
PixelSizeX=0.000000013009943
PixelSizeY=0.000000013009943
SerialNumber=121-0169
SoftwareVersion=TESCAN Essence Version 1.2.5.0, build 6389
Time=16:31:07
UserName=*14
ViewFieldsCountX=1
ViewFieldsCountY=1

[SEM]
AcceleratorVoltage=30000.0
ApertureOptimization=1.0
ChamberPressure=0.00003923
CrossFree=0
CrossSectionShiftX=0.0000123
CrossSectionShiftY=-0.00000153
DepthOfFocus=0.00000587
Detector=E-T
Detector0=E-T
Detector0Gain=50.454
Detector0Offset=74.6
DwellTime=0.00000032
EmissionCurrent=0.000361730004
Gun=Schottky
GunShiftX=0.0
GunShiftY=0.0
GunTiltX=-19.04848818
GunTiltY=9.18114408
HV=30000.0
IMLCenteringX=9.79951195
IMLCenteringY=-5.86741318
ImageShiftX=0.0
ImageShiftY=0.0
InjectedGas=N2
LUTGamma=1.0
LUTMaximum=1.0
LUTMinimum=0.0
MTDGrid=0.0
MTDScintillator=8000.0
OBJCenteringX=-10.77062916
OBJCenteringY=44.51784993
OBJPreCenteringX=0.06540894
OBJPreCenteringY=0.71149559
PotentialMode=BrightBeam
PredictedBeamCurrent=0.0000000000501
PrimaryDetectorGain=50.454
PrimaryDetectorOffset=74.6
SampleVoltage=0.0
ScanID=425
ScanMode=UH-RESOLUTION
ScanRotation=0.0
ScanSpeed=2.0
SessionID=47c0ff9e-f2ab-4f74-9c73-0a00661f3265
SpecimenCurrent=-0.00000000002
SpotSize=0.0000000022
StageRotation=30.0
StageTilt=0.0
StageX=-0.00224061
StageY=0.000690594
StageZ=0.03917549
StigmatorX=2.02338637
StigmatorY=0.40533335
SymmetrizationVoltage=0.0
TiltCorrection=35.0
TubeVoltage=0.0
VirtualObserverDistance=0.01706664
WD=0.005544941

